XL20 y XL23 acoplados en el CR del C-terminal de TDP-43
receptor 2N2C (307-349), 6 modelos de RMN, caja de 22 A sobre el anillo del Trp334
exhaustividad 8, 9 modos, semilla 42 | contactos a 4.0 A

  lig   modelo afin    contactos at.lig    Trp334   d.aneo   d.atomo  residuos
  XL20  1      -4.87   7         19        True     4.01     3.69     331 334 335 337 338 342 346
  XL20  1      -4.45   6         17        True     3.71     3.66     331 334 335 337 338 342
  XL20  1      -4.30   4         20        True     3.68     3.4      327 330 331 334
  XL20  1      -4.28   4         18        True     3.82     3.53     331 334 337 338
  XL20  1      -4.21   3         17        True     3.48     3.46     327 331 334
  XL20  1      -4.17   7         19        True     4.69     3.67     331 334 335 337 338 342 346
  XL20  1      -4.11   5         12        True     3.87     3.58     331 334 337 338 342
  XL20  1      -4.08   7         19        True     4.17     3.63     331 334 335 337 338 339 342
  XL20  1      -3.90   3         14        True     3.66     3.46     331 334 335
  XL20  2      -5.04   4         17        True     3.66     3.63     334 337 338 342
  XL20  2      -4.97   7         17        True     3.73     3.51     331 334 335 338 341 342 346
  XL20  2      -4.89   6         17        True     4.55     3.64     331 334 335 338 339 342
  XL20  2      -4.68   4         17        True     3.79     3.53     331 334 337 338
  XL20  2      -4.60   6         13        True     5.98     3.72     313 324 327 328 331 334
  XL20  2      -4.58   8         17        False    10.27    8.24     311 313 318 323 324 327 328 331
  XL20  2      -4.47   4         17        True     3.81     3.57     331 334 335 338
  XL20  2      -4.39   6         14        True     3.79     3.54     331 334 338 341 342 346
  XL20  2      -4.29   3         17        True     3.59     3.63     327 331 334
  XL20  3      -4.75   4         17        True     3.98     3.62     334 337 338 342
  XL20  3      -4.67   9         16        False    8.03     6.16     311 312 313 314 318 323 327 328 331
  XL20  3      -4.65   9         13        False    8.8      6.96     311 312 313 314 323 324 327 328 331
  XL20  3      -4.45   4         13        True     3.73     3.59     331 334 337 338
  XL20  3      -4.44   8         15        False    9.67     7.55     312 313 314 323 324 327 328 331
  XL20  3      -4.37   4         18        True     3.62     3.62     331 334 337 338
  XL20  3      -4.37   4         15        True     5.77     3.68     327 328 331 334
  XL20  3      -4.35   5         18        True     3.82     3.62     331 334 337 338 341
  XL20  3      -4.11   6         15        True     4.59     3.6      331 334 337 338 341 342
  XL20  4      -5.35   8         15        True     3.7      3.57     331 334 335 338 341 347 348 349
  XL20  4      -5.14   6         15        True     3.73     3.54     331 334 335 337 338 349
  XL20  4      -5.07   5         20        True     3.66     3.52     331 334 335 337 338
  XL20  4      -4.94   7         20        True     3.62     3.54     331 334 335 337 338 341 347
  XL20  4      -4.86   8         19        True     5.63     4.38     331 334 335 337 338 341 347 349
  XL20  4      -4.47   5         13        True     3.88     3.55     331 334 337 338 349
  XL20  4      -4.37   6         14        True     6.19     4.7      331 334 338 347 348 349
  XL20  4      -4.36   6         13        True     5.86     4.73     331 334 335 338 339 349
  XL20  4      -4.16   5         16        True     3.96     3.45     331 334 335 337 338
  XL20  5      -4.89   6         20        True     3.61     3.61     331 334 335 337 338 349
  XL20  5      -4.73   6         21        True     4.58     3.57     334 337 338 341 347 349
  XL20  5      -4.57   6         17        True     3.76     3.63     331 334 337 338 341 349
  XL20  5      -4.47   6         17        True     3.81     3.59     331 334 337 338 341 349
  XL20  5      -4.29   6         13        True     4.91     3.66     331 334 335 337 338 349
  XL20  5      -4.18   5         15        True     4.38     3.54     334 338 341 347 349
  XL20  5      -4.17   6         11        True     4.72     3.39     331 334 335 337 338 349
  XL20  5      -4.17   4         12        True     3.6      3.6      331 334 335 349
  XL20  5      -4.09   6         13        True     4.05     3.44     331 334 335 337 338 349
  XL20  6      -4.56   3         18        True     4.63     3.56     334 338 342
  XL20  6      -4.45   7         16        False    10.41    8.87     311 313 323 324 327 328 331
  XL20  6      -4.41   4         17        True     3.74     3.47     331 334 337 338
  XL20  6      -4.28   4         17        True     3.71     3.58     331 334 335 337
  XL20  6      -4.21   3         15        True     3.65     3.56     331 334 338
  XL20  6      -4.13   5         18        True     3.98     3.57     331 334 335 337 338
  XL20  6      -4.13   5         13        True     4.86     3.63     331 334 335 338 342
  XL20  6      -4.05   4         17        True     3.63     3.61     331 334 337 338
  XL20  6      -3.80   5         16        False    10.68    8.76     313 324 327 328 331
  XL23  1      -5.48   8         26        True     4.13     3.25     327 331 334 335 337 338 342 346
  XL23  1      -5.36   7         23        True     5.34     3.3      327 330 331 334 337 338 342
  XL23  1      -5.35   7         23        True     3.61     3.27     327 330 331 334 337 338 342
  XL23  1      -5.32   9         20        True     5.34     3.41     326 327 330 331 334 335 338 339 342
  XL23  1      -5.14   6         23        True     3.23     3.14     326 327 330 331 334 337
  XL23  1      -5.10   6         21        True     3.56     3.2      327 330 331 334 335 338
  XL23  1      -5.07   7         20        True     5.38     3.45     327 330 331 334 335 338 339
  XL23  1      -4.96   6         17        True     4.0      3.5      330 331 334 335 337 338
  XL23  1      -4.87   6         14        True     4.86     3.16     327 330 331 334 335 338
  XL23  2      -5.65   9         23        True     5.82     3.68     311 313 318 323 324 327 328 331 334
  XL23  2      -5.41   9         22        True     6.06     3.89     311 313 318 323 324 327 328 331 334
  XL23  2      -5.35   3         23        True     3.72     3.51     327 331 334
  XL23  2      -5.31   8         21        True     4.85     3.54     313 323 324 327 328 331 334 335
  XL23  2      -5.13   8         19        True     5.16     3.51     331 333 334 335 337 338 339 342
  XL23  2      -5.11   8         22        True     4.89     3.85     331 334 335 337 338 339 341 342
  XL23  2      -5.05   9         17        True     5.0      3.58     331 333 334 335 337 338 339 341 342
  XL23  2      -4.96   8         18        True     4.76     3.76     331 334 335 337 338 339 341 342
  XL23  2      -4.96   7         18        True     4.9      3.86     331 334 335 337 338 339 341
  XL23  3      -5.59   12        23        True     5.5      3.49     307 311 312 313 314 318 323 324 327 328 330 334
  XL23  3      -5.56   9         21        True     5.58     3.54     307 311 323 324 327 328 330 331 334
  XL23  3      -5.54   10        17        True     5.67     3.62     307 313 314 323 324 327 328 330 331 334
  XL23  3      -5.44   13        18        False    10.1     8.58     311 312 313 314 318 323 324 327 328 331 335 338 339
  XL23  3      -5.31   9         24        True     5.72     3.48     307 313 314 323 324 327 330 331 334
  XL23  3      -5.19   4         24        True     3.76     3.4      307 327 331 334
  XL23  3      -5.07   9         17        True     5.46     3.56     313 314 323 324 327 328 330 331 334
  XL23  3      -5.06   5         26        True     4.54     3.55     331 334 335 338 339
  XL23  3      -4.97   8         17        True     5.66     3.49     307 313 324 327 328 330 331 334
  XL23  4      -6.50   10        23        True     5.92     4.93     331 332 334 335 337 338 339 341 347 349
  XL23  4      -6.25   10        27        True     3.41     3.11     330 331 334 335 337 338 341 347 348 349
  XL23  4      -5.92   10        23        True     6.34     5.14     328 331 332 334 335 337 338 341 347 349
  XL23  4      -5.88   11        19        True     4.52     3.62     327 328 331 334 335 337 338 342 347 348 349
  XL23  4      -5.79   9         22        True     5.91     4.81     328 331 332 334 335 337 338 341 347
  XL23  4      -5.78   9         22        True     6.53     4.93     324 327 328 331 332 334 335 338 349
  XL23  4      -5.74   9         21        False    7.64     5.6      328 331 332 335 337 338 341 347 349
  XL23  4      -5.55   7         18        True     3.8      3.6      327 328 331 334 335 337 338
  XL23  4      -5.51   9         20        True     3.6      3.28     331 334 335 337 338 341 347 348 349
  XL23  5      -6.92   8         25        True     4.64     3.58     331 334 335 337 338 339 341 349
  XL23  5      -6.46   9         22        True     4.92     3.54     328 331 332 334 335 337 338 341 349
  XL23  5      -6.25   9         22        True     3.97     3.37     327 328 331 334 335 337 338 339 349
  XL23  5      -6.21   8         24        True     5.49     3.81     331 334 335 337 338 339 341 349
  XL23  5      -6.11   10        26        True     4.69     3.78     327 328 331 334 335 337 338 341 347 349
  XL23  5      -6.09   8         26        True     4.51     3.63     331 334 335 337 338 341 347 349
  XL23  5      -6.08   8         17        True     5.01     3.55     331 334 335 337 338 341 347 349
  XL23  5      -5.81   6         23        True     4.22     3.33     331 334 335 337 338 349
  XL23  5      -5.77   6         21        True     4.24     3.32     331 334 335 337 338 349
  XL23  6      -5.30   7         21        True     4.67     3.63     328 331 332 334 335 338 339
  XL23  6      -5.22   8         27        True     4.15     3.24     328 331 332 334 335 337 338 339
  XL23  6      -5.17   9         23        True     5.72     4.29     328 331 332 334 335 338 339 341 342
  XL23  6      -5.15   7         25        True     4.68     3.64     328 331 332 334 335 338 339
  XL23  6      -5.01   7         19        True     3.53     3.51     331 334 335 337 338 339 342
  XL23  6      -4.87   8         17        True     4.82     3.63     331 334 335 337 338 339 341 342
  XL23  6      -4.77   6         24        True     4.37     3.65     331 332 334 335 338 339
  XL23  6      -4.57   9         27        True     6.28     4.59     328 331 332 334 335 337 338 339 342
  XL23  6      -4.48   6         14        True     4.9      3.33     331 334 335 337 338 339

  RESUMEN (pose apoyada en el Trp334 = algun atomo a menos de 4.0 A de un atomo del anillo)
  lig   mejor   mejor_Trp sobre_Trp334 n_poses   residuos que toca la mejor pose
  XL20  -5.35   -5.35     45 de 54    54        331 334 335 338 341 347 348 349
  XL23  -6.92   -6.92     46 de 54    54        331 334 335 337 338 339 341 349

  POR MODELO: mejor afinidad de cada uno en cada modelo de la RMN
  (el CR desordenado no es una foto: si el orden cambiara de un modelo a otro, no habria nada que decir)
  modelo   XL20      XL23      diferencia gana
  1        -4.87     -5.48     -0.61     XL23
  2        -5.04     -5.65     -0.61     XL23
  3        -4.75     -5.59     -0.85     XL23
  4        -5.35     -6.50     -1.14     XL23
  5        -4.89     -6.92     -2.03     XL23
  6        -4.56     -5.30     -0.73     XL23

  eficiencia de ligando (afinidad por atomo pesado) de la mejor pose:
    XL20  26 atomos pesados | mejor -5.35 kcal/mol | -0.206 kcal/mol por atomo
    XL23  34 atomos pesados | mejor -6.92 kcal/mol | -0.203 kcal/mol por atomo
    ganados por modelo: XL20 0 de 6, XL23 6 de 6
